sorting:  
737 120 759 747 443 36 770 350 525 304 167 193 288 

sorting:  
591 439 385 616 930 690 816 137 107 19 782 188 943 

sorting:  
68 725 385 577 169 750 637 161 973 197 290 381 149 

sorting:  
124 508 751 403 951 378 625 402 793 281 275 311 919 

sorting:  
383 926 14 698 395 211 789 133 337 181 96 637 280 

sorting:  
681 817 22 14 353 120 974 652 212 44 186 813 110 

sorting:  
238 548 999 750 998 521 839 444 347 562 651 507 477 

sorting:  
346 775 779 611 349 753 182 667 145 148 370 976 844 

sorting:  
765 619 656 449 679 508 528 484 111 659 530 645 155 

sorting:  
888 411 892 546 524 154 694 842 697 272 187 707 775 

sorting:  
160 219 788 448 125 145 569 957 210 867 290 130 610 

sorting:  
987 819 571 715 174 903 200 372 317 305 843 907 685 

sorting:  
788 51 996 492 195 282 401 422 423 916 806 204 949 

sorting:  
805 99 719 315 708 143 706 818 320 317 468 96 57 

sorting:  
906 429 840 365 560 132 422 448 899 33 479 748 490 

sorting:  
452 599 239 613 728 70 382 300 736 128 270 519 730 

sorting:  
95 110 594 222 502 17 925 674 203 181 184 113 699 

sorting:  
408 3 502 578 211 221 390 757 507 487 489 582 689 

sorting:  
727 224 857 130 564 65 879 335 513 266 973 394 562 

sorting:  
311 214 853 758 398 902 611 838 636 523 104 475 691 

sorting:  
178 781 754 234 496 126 922 551 483 824 69 97 902 

sorting:  
408 587 574 750 426 280 397 825 845 53 189 446 545 

sorting:  
212 522 955 24 389 168 103 71 221 702 184 169 468 

sorting:  
371 375 576 126 783 665 180 890 636 106 520 128 776 

sorting:  
700 729 515 745 502 945 657 604 336 371 301 281 684 

sorting:  
893 273 578 275 989 221 969 576 658 688 347 510 64 

sorting:  
388 859 467 958 423 982 33 145 148 890 882 656 226 

sorting:  
217 51 273 569 337 763 222 171 305 356 25 100 618 

sorting:  
177 560 216 157 958 108 228 441 237 314 130 805 853 

sorting:  
321 107 591 951 922 323 690 610 659 67 769 231 363 

sorting:  
288 16 523 990 946 897 318 770 290 10 931 859 787 

sorting:  
326 747 404 217 536 83 447 691 275 106 414 48 816 

